[{"id": 1, "img_name": 1, "width": 960, "height": 540, "position": [21.60965087890625, 4.7445312500000005, 12.5], "rotation": [[-0.21444628491586257, 0.48046048879234765, -0.8503930002505006], [0.9767346293468987, 0.10548802616415467, -0.18670708864563326], [4.539816291621782e-07, -0.8706490423210939, -0.4919044673047654]], "fy": 484.8485107421875, "fx": 484.8485107421875}, {"id": 2, "img_name": 2, "width": 960, "height": 540, "position": [21.6194189453125, 0.20000000000000004, 12.499999999999998], "rotation": [[-0.009250985217520213, 0.500502858731899, -0.8656855485988526], [0.999957289413752, 0.004630338158419178, -0.00800877627393959], [4.142400911075168e-08, -0.8657225131880888, -0.5005242767641374]], "fy": 484.8485107421875, "fx": 484.8485107421875}, {"id": 3, "img_name": 3, "width": 960, "height": 540, "position": [21.6194189453125, -4.3466757202148445, 12.499999999999998], "rotation": [[0.1971098424255433, 0.4834534319575141, -0.8528892532347455], [0.9803812009391111, -0.09720033114732905, 0.171477031956945], [-8.194412970794736e-08, -0.869956785252087, -0.4931278994811005]], "fy": 484.8485107421875, "fx": 484.8485107421875}, {"id": 4, "img_name": 4, "width": 960, "height": 540, "position": [21.6194189453125, -8.89335144042969, 12.499999999999996], "rotation": [[0.3804292625548893, 0.4360789743436386, -0.8155416750595893], [0.924809761855232, -0.179384147937073, 0.33548132051437524], [9.325522522917948e-07, -0.8818482658372819, -0.47153318482885165]], "fy": 484.8485107421875, "fx": 484.8485107421875}, {"id": 5, "img_name": 5, "width": 960, "height": 540, "position": [21.619418945312503, -13.44002685546875, 12.500000000000002], "rotation": [[0.5279607079318307, 0.37432750435017503, -0.7623231273137482], [0.8492688802436995, -0.23270610939437117, 0.4739096873975791], [2.3705027452310654e-07, -0.8976228698714883, -0.44076435185078117]], "fy": 484.8485107421875, "fx": 484.8485107421875}, {"id": 6, "img_name": 6, "width": 960, "height": 540, "position": [21.6194189453125, -17.986702880859376, 12.500000000000002], "rotation": [[0.6395658224957044, 0.3122283441858667, -0.7024729892083694], [0.7687358710766476, -0.2597652386862488, 0.5844367819277831], [-6.465226025669911e-07, -0.9138026646152628, -0.40615824273594875]], "fy": 484.8485107421875, "fx": 484.8485107421875}, {"id": 7, "img_name": 7, "width": 960, "height": 540, "position": [21.619418945312507, 9.293351440429687, 12.499999999999996], "rotation": [[-0.39492142689981374, 0.4309804592804909, -0.8113536828007931], [0.9187159271918043, 0.18526232788431682, -0.3487703267438466], [3.681178952675008e-07, -0.8831386481069065, -0.46911223221592024]], "fy": 484.8485107421875, "fx": 484.8485107421875}, {"id": 8, "img_name": 8, "width": 960, "height": 540, "position": [21.619418945312503, 13.840026855468748, 12.5], "rotation": [[-0.5391521110453255, 0.36872107288971623, -0.7572031170163845], [0.8422065008129387, 0.23604410589300334, -0.4847352807963223], [8.353010905095658e-07, -0.8990704866195566, -0.43780366549296185]], "fy": 484.8485107421875, "fx": 484.8485107421875}, {"id": 9, "img_name": 9, "width": 960, "height": 540, "position": [21.619418945312503, 18.38670288085937, 12.5], "rotation": [[-0.6478580253847859, 0.3070477056157674, -0.6971393105449176], [0.7617621097360915, 0.2611341572346167, -0.5928987450294159], [-1.1701764943695508e-06, -0.9151670543215498, -0.40307485855256614]], "fy": 484.8485107421875, "fx": 484.8485107421875}, {"id": 10, "img_name": 10, "width": 960, "height": 540, "position": [11.319418945312503, 17.88670288085937, 12.500000000000002], "rotation": [[-0.8450079975227851, 0.2719156254265754, -0.46046197833618857], [0.5347554028190117, 0.429673614182497, -0.7276118353982374], [-5.280434888633941e-07, -0.8610706229663502, -0.5084855180587704]], "fy": 484.8485107421875, "fx": 484.8485107421875}, {"id": 11, "img_name": 11, "width": 960, "height": 540, "position": [5.70970947265625, 17.886702880859374, 12.5], "rotation": [[-0.9526421209924649, 0.16852251820928105, -0.25313164514586717], [0.30409779498828365, 0.5279244574287874, -0.7929833385338761], [-1.0556843026453245e-06, -0.8324038328423988, -0.5541697139811615]], "fy": 484.8485107421875, "fx": 484.8485107421875}, {"id": 12, "img_name": 12, "width": 960, "height": 540, "position": [12.8194189453125, 4.746675720214845, 5.499999999999999], "rotation": [[-0.34723176275404194, 0.3500378940354664, -0.8700006303117646], [0.9377780249096617, 0.12960870633200725, -0.3221358820207527], [-4.315715216342017e-07, -0.9277256722739081, -0.37326256712621836]], "fy": 484.8485107421875, "fx": 484.8485107421875}, {"id": 13, "img_name": 13, "width": 960, "height": 540, "position": [-5.50970947265625, 17.88670288085937, 12.499999999999998], "rotation": [[-0.9556880585233875, -0.16349957725975403, 0.24480503929339667], [-0.29438345576399855, 0.5307855255641171, -0.7947366138316906], [7.526999605056191e-08, -0.831585668875607, -0.555396602359511]], "fy": 484.8485107421875, "fx": 484.8485107421875}, {"id": 14, "img_name": 14, "width": 960, "height": 540, "position": [-11.119418945312498, 17.886702880859374, 12.500000000000004], "rotation": [[-0.849273009652018, -0.26946170852615564, 0.45401412197680413], [-0.5279568498613546, 0.43345516518640664, -0.7303294233282973], [8.235435595493127e-07, -0.8599460684787567, -0.5103851414255042]], "fy": 484.8485107421875, "fx": 484.8485107421875}, {"id": 15, "img_name": 15, "width": 960, "height": 540, "position": [-11.1194189453125, -18.113294677734373, 12.5], "rotation": [[0.852229940068029, -0.26521910397524984, 0.45095758321355806], [-0.523167196000678, -0.4320364638326125, 0.7346020651318595], [-1.8960644785880614e-07, -0.8619762877587158, -0.5069483989464675]], "fy": 484.8485107421875, "fx": 484.8485107421875}, {"id": 16, "img_name": 16, "width": 960, "height": 540, "position": [-5.509709472656249, -18.1132958984375, 12.500000000000002], "rotation": [[0.9567183336359932, -0.1603429255625253, 0.24285829230126277], [-0.291015470237292, -0.5271300971989694, 0.7984007357375178], [5.395718448538818e-08, -0.8345201656058788, -0.55097730729218]], "fy": 484.8485107421875, "fx": 484.8485107421875}, {"id": 17, "img_name": 17, "width": 960, "height": 540, "position": [12.8194189453125, 0.19999999999999996, 5.500000000000001], "rotation": [[-0.015599968146711161, 0.3941920755078634, -0.9188967031041207], [0.999879264395279, 0.00614876051204405, -0.014336993610029934], [-1.0843127675748925e-06, -0.9190075908621279, -0.3942400279624786]], "fy": 484.8485107421875, "fx": 484.8485107421875}, {"id": 18, "img_name": 18, "width": 960, "height": 540, "position": [5.709709472656252, -18.113295898437503, 12.5], "rotation": [[0.9537382557649391, 0.16528463187705136, -0.2511260288098045], [0.3006381410940966, -0.5243453804907352, 0.7966670702488651], [-3.474350627189688e-08, -0.8353099681757357, -0.5497791261740527]], "fy": 484.8485107421875, "fx": 484.8485107421875}, {"id": 19, "img_name": 19, "width": 960, "height": 540, "position": [11.3194189453125, -18.11329711914063, 12.499999999999998], "rotation": [[0.8480277622690481, 0.26767220368017053, -0.45738432814369995], [0.5299517263431888, -0.42832936844083136, 0.7319050313576537], [-5.801414388945205e-07, -0.8630674767786584, -0.5050885630179954]], "fy": 484.8485107421875, "fx": 484.8485107421875}, {"id": 20, "img_name": 20, "width": 960, "height": 540, "position": [-22.4805810546875, -4.3466757202148445, 12.499999999999998], "rotation": [[0.1898370675080687, -0.47045621640875435, 0.8617610028639034], [-0.9818151952453007, -0.09096371374387678, 0.16662440328101094], [-2.699143362343138e-07, -0.877722296027167, -0.4791695407427791]], "fy": 484.8485107421875, "fx": 484.8485107421875}, {"id": 21, "img_name": 21, "width": 960, "height": 540, "position": [-22.4805810546875, 0.2, 12.500000000000002], "rotation": [[-0.008895857190641454, -0.48592929717321465, 0.8739527670647114], [-0.9999603596699805, 0.004323009889718676, -0.007774832431529432], [-5.320339369070537e-08, -0.8739874209029669, -0.48594852635413766]], "fy": 484.8485107421875, "fx": 484.8485107421875}, {"id": 22, "img_name": 22, "width": 960, "height": 540, "position": [-22.4805810546875, 4.746675720214843, 12.5], "rotation": [[-0.20659163886263346, -0.4675856001436643, 0.8594673705283923], [-0.9784275417549254, 0.09872929656361862, -0.18147346802307138], [-3.369074477213876e-07, -0.8784169220468102, -0.4778951427473857]], "fy": 484.8485107421875, "fx": 484.8485107421875}, {"id": 23, "img_name": 23, "width": 960, "height": 540, "position": [-22.480581054687498, 9.293351440429687, 12.499999999999998], "rotation": [[-0.38203832238995256, -0.4223792650253238, 0.8219758638756309], [-0.9241474797441266, 0.1746093730573701, -0.33980110396635554], [-3.150765692874963e-08, -0.8894422245640671, -0.45704778380692257]], "fy": 484.8485107421875, "fx": 484.8485107421875}, {"id": 24, "img_name": 24, "width": 960, "height": 540, "position": [-22.480581054687505, 13.840026855468752, 12.500000000000002], "rotation": [[-0.5242572010168605, -0.3644246066003864, 0.7696427213113438], [-0.8515604572567796, 0.2243552873100186, -0.4738251687826144], [3.8221492619153734e-08, -0.9038027789502098, -0.42794928302289037]], "fy": 484.8485107421875, "fx": 484.8485107421875}, {"id": 25, "img_name": 25, "width": 960, "height": 540, "position": [-22.48058349609375, 18.386702880859374, 12.500000000000002], "rotation": [[-0.6331030090393828, -0.3060239070960025, 0.711006552282225], [-0.7740677936086402, 0.2502933653717303, -0.5815261298060906], [6.409617130069281e-07, -0.9185328616614409, -0.3953446603446143]], "fy": 484.8485107421875, "fx": 484.8485107421875}, {"id": 26, "img_name": 26, "width": 960, "height": 540, "position": [-22.4805810546875, -8.893351440429688, 12.500000000000002], "rotation": [[0.3678632889584605, -0.4270801967121402, 0.8260014423928936], [-0.9298794960954097, -0.1689544140056327, 0.3267686617859606], [4.0967459823957357e-07, -0.8882886826526983, -0.45928541064952105]], "fy": 484.8485107421875, "fx": 484.8485107421875}, {"id": 27, "img_name": 27, "width": 960, "height": 540, "position": [-22.4805810546875, -13.440026855468751, 12.500000000000002], "rotation": [[0.5131386229215571, -0.36968266328507143, 0.7746116874834723], [-0.8583056203469668, -0.2210143290800426, 0.4631024622074107], [-5.872859576325889e-07, -0.9024895299100094, -0.4307117425748919]], "fy": 484.8485107421875, "fx": 484.8485107421875}, {"id": 28, "img_name": 28, "width": 960, "height": 540, "position": [-22.4805810546875, -17.98670288085938, 12.499999999999998], "rotation": [[0.6247433523196264, -0.3109679161398712, 0.7162359529557559], [-0.7808296774424057, -0.24880558291891708, 0.5730618934331075], [-4.473645987299652e-08, -0.9172756236911017, -0.398252762652055]], "fy": 484.8485107421875, "fx": 484.8485107421875}, {"id": 29, "img_name": 29, "width": 960, "height": 540, "position": [12.819418945312497, -4.3466757202148445, 5.5], "rotation": [[0.3211127680105238, 0.3564942378478788, -0.8773818062517941], [0.9470411688835121, -0.12087680790144709, 0.29749322765007236], [-3.894204399034485e-07, -0.9264451939768977, -0.37642973355864395]], "fy": 484.8485107421875, "fx": 484.8485107421875}, {"id": 30, "img_name": 30, "width": 960, "height": 540, "position": [12.819418945312503, -8.893351440429688, 5.500000000000001], "rotation": [[0.5700063556503437, 0.27316421763233123, -0.7749021015137895], [0.8216397974319056, -0.18950401651742424, 0.5375829359732869], [1.108065013992806e-06, -0.9431168710135525, -0.33246121889581653]], "fy": 484.8485107421875, "fx": 484.8485107421875}, {"id": 31, "img_name": 31, "width": 960, "height": 540, "position": [12.8194189453125, -13.440026855468748, 5.500000000000001], "rotation": [[0.7236160508529101, 0.19597319758818532, -0.6617965068139731], [0.6902029488520021, -0.20546004932217912, 0.6938345548282867], [3.396127281625238e-07, -0.958843427563455, -0.28393542582829445]], "fy": 484.8485107421875, "fx": 484.8485107421875}, {"id": 32, "img_name": 32, "width": 960, "height": 540, "position": [12.8194189453125, -17.986702880859372, 5.499999999999999], "rotation": [[0.8143371614274935, 0.14024035172772906, -0.5631941562007987], [0.5803921207523736, -0.1967687489969568, 0.7902069825810452], [-9.444530218214073e-08, -0.9703683359245757, -0.24163049649110022]], "fy": 484.8485107421875, "fx": 484.8485107421875}, {"id": 33, "img_name": 33, "width": 960, "height": 540, "position": [12.819418945312501, 9.293351440429685, 5.5], "rotation": [[-0.586936834609372, 0.2656637357093619, -0.7648041866040443], [0.8096311903066054, 0.19259251167229105, -0.554439377404358], [9.14768488533856e-07, -0.9446326360954295, -0.3281296939054105]], "fy": 484.8485107421875, "fx": 484.8485107421875}, {"id": 34, "img_name": 34, "width": 960, "height": 540, "position": [12.819418945312501, 13.840026855468754, 5.500000000000001], "rotation": [[-0.7336414854467077, 0.19019874493723157, -0.6523792518475645], [0.679539734538521, 0.20534177867169667, -0.7043184749041155], [4.497881916130322e-07, -0.9600308773265319, -0.2798942811912238]], "fy": 484.8485107421875, "fx": 484.8485107421875}, {"id": 35, "img_name": 35, "width": 960, "height": 540, "position": [12.819418945312501, 18.38670288085938, 5.5], "rotation": [[-0.8203057961766805, 0.136294770166705, -0.5554490869071044], [0.5719265272049641, 0.19548545102441042, -0.796672465654526], [-1.7235571191150566e-08, -0.9711895791363794, -0.2383082582224372]], "fy": 484.8485107421875, "fx": 484.8485107421875}, {"id": 36, "img_name": 36, "width": 960, "height": 540, "position": [-13.6805810546875, 4.746675720214844, 5.499999999999998], "rotation": [[-0.3277943186137873, -0.335450259531731, 0.8831903842220697], [-0.9447497718455566, 0.11638901702638374, -0.3064354613559747], [3.689116388342066e-08, -0.9348405111442828, -0.35506799335376904]], "fy": 484.8485107421875, "fx": 484.8485107421875}, {"id": 37, "img_name": 37, "width": 960, "height": 540, "position": [-13.6805810546875, 0.20000000000000007, 5.499999999999999], "rotation": [[-0.014617584613603633, -0.3729387587484964, 0.927741282945052], [-0.9998935972678119, 0.00545143222825928, -0.013562992020109469], [4.850170363111119e-07, -0.9278399790211463, -0.37297859977480374]], "fy": 484.8485107421875, "fx": 484.8485107421875}, {"id": 38, "img_name": 38, "width": 960, "height": 540, "position": [-13.680581054687499, -4.346675720214844, 5.5], "rotation": [[0.30280987218759564, -0.34099244764356307, 0.8899606458193825], [-0.9530507858749959, -0.1083418831742806, 0.28276464435078047], [-5.02729678325443e-07, -0.9338019869537856, -0.35779018013277675]], "fy": 484.8485107421875, "fx": 484.8485107421875}, {"id": 39, "img_name": 39, "width": 960, "height": 540, "position": [-13.6805810546875, -8.893351440429688, 5.499999999999999], "rotation": [[0.5450304580314298, -0.2678000145624751, 0.7944969786085653], [-0.8384165413549295, -0.17408870216640618, 0.5164797722548401], [-4.889194329437398e-07, -0.9476161317756565, -0.3194115276902298]], "fy": 484.8485107421875, "fx": 484.8485107421875}, {"id": 40, "img_name": 40, "width": 960, "height": 540, "position": [-13.6805810546875, -13.44002685546875, 5.499999999999998], "rotation": [[0.7008069910730244, -0.19665248350687253, 0.6857092895893143], [-0.7133508457253418, -0.19319602291107388, 0.6736510398372584], [1.2010554696817378e-06, -0.961250789515908, -0.27567535714429464]], "fy": 484.8485107421875, "fx": 484.8485107421875}, {"id": 41, "img_name": 41, "width": 960, "height": 540, "position": [-13.680581054687503, -17.98670288085938, 5.499999999999999], "rotation": [[0.7959340096996605, -0.14315951927197992, 0.5882129933248762], [-0.6053834928982953, -0.18822178056437805, 0.7733585989270269], [8.091692835600602e-07, -0.9716367274956865, -0.23647851199708295]], "fy": 484.8485107421875, "fx": 484.8485107421875}, {"id": 42, "img_name": 42, "width": 960, "height": 540, "position": [-13.680581054687499, 9.293351440429687, 5.500000000000002], "rotation": [[-0.5619207332429372, -0.2610311494677484, 0.7849259923969893], [-0.8271916794385451, 0.1773221392886253, -0.5332089189619618], [-7.014377194547524e-07, -0.9489044367836117, -0.31556362603103777]], "fy": 484.8485107421875, "fx": 484.8485107421875}, {"id": 43, "img_name": 43, "width": 960, "height": 540, "position": [-13.680581054687499, 13.840026855468746, 5.500000000000001], "rotation": [[-0.7111921749823649, -0.1911973645379366, 0.6764978498958998], [-0.7029977049177019, 0.19342510368532434, -0.6843836918882246], [6.86832722219252e-07, -0.9623046809008685, -0.27197371737257875]], "fy": 484.8485107421875, "fx": 484.8485107421875}, {"id": 44, "img_name": 44, "width": 960, "height": 540, "position": [-13.680581054687504, 18.386702880859378, 5.500000000000002], "rotation": [[-0.8022847820350957, -0.13930252015660205, 0.580457136772626], [-0.596938589598825, 0.18722288907683443, -0.780133644754642], [-1.46077509211892e-07, -0.9723900168402854, -0.23336152706955754]], "fy": 484.8485107421875, "fx": 484.8485107421875}, {"id": 45, "img_name": 45, "width": 960, "height": 540, "position": [-11.119418945312498, -19.113294677734377, 4.199999999999999], "rotation": [[0.8643691125769617, -0.09383372698101188, 0.49402550768797954], [-0.5028578035242359, -0.16129308204022363, 0.8491869623362671], [5.422197646580549e-07, -0.9824356287994653, -0.18660178625320656]], "fy": 484.8485107421875, "fx": 484.8485107421875}, {"id": 46, "img_name": 46, "width": 960, "height": 540, "position": [-5.509709472656252, -19.113295898437503, 4.200000000000001], "rotation": [[0.9608736959400666, -0.05722231715193904, 0.2710118509543584], [-0.2769870338799699, -0.19850759356235417, 0.9401452203621185], [5.664592783682945e-07, -0.9784275056894177, -0.20659055709744578]], "fy": 484.8485107421875, "fx": 484.8485107421875}, {"id": 47, "img_name": 47, "width": 960, "height": 540, "position": [5.709709472656249, -19.1132958984375, 4.2], "rotation": [[0.9581603759788471, 0.058972016031783606, -0.2800909833329933], [0.28623182495725163, -0.19741190856636556, 0.937603235182761], [-9.68147058632467e-07, -0.9785452575507341, -0.20603194004263195]], "fy": 484.8485107421875, "fx": 484.8485107421875}, {"id": 48, "img_name": 48, "width": 960, "height": 540, "position": [11.319418945312504, -19.113297119140633, 4.200000000000001], "rotation": [[0.8604292661775933, 0.09466774436060987, -0.500699218345973], [0.5095701022178915, -0.1598513177645771, 0.8454502356539063], [-4.914616198451225e-07, -0.9825912683948941, -0.1857805845968734]], "fy": 484.8485107421875, "fx": 484.8485107421875}, {"id": 49, "img_name": 49, "width": 960, "height": 540, "position": [-11.1194189453125, 20.486704101562506, 4.199999999999999], "rotation": [[-0.8788862885242201, -0.08458887109600476, 0.4694674075578824], [-0.47702717309627485, 0.1558496536582892, -0.8649578157493267], [-4.3837177976673954e-07, -0.98415221123196, -0.1773256655380519]], "fy": 484.8485107421875, "fx": 484.8485107421875}, {"id": 50, "img_name": 50, "width": 960, "height": 540, "position": [-5.509709472656248, 20.4867041015625, 4.200000000000001], "rotation": [[-0.9656847775120756, -0.0504378015240431, 0.25476807328690254], [-0.25971280867315155, 0.18754212535246167, -0.947298823503115], [-4.8084385473303055e-08, -0.980960732344451, -0.19420612916253413]], "fy": 484.8485107421875, "fx": 484.8485107421875}, {"id": 51, "img_name": 51, "width": 960, "height": 540, "position": [5.709709472656249, 20.486704101562502, 4.199999999999999], "rotation": [[-0.9632875531484268, 0.05201398616228869, -0.26338523006745296], [0.2684720361116245, 0.18662993438469183, -0.9450355423483787], [5.044932846010672e-07, -0.9810524013665032, -0.1937425796377003]], "fy": 484.8485107421875, "fx": 484.8485107421875}, {"id": 52, "img_name": 52, "width": 960, "height": 540, "position": [11.319418945312503, 20.486704101562502, 4.199999999999999], "rotation": [[-0.8752806428550994, 0.085416577792329, -0.47601082023081764], [0.4836137846862605, 0.1545934523835412, -0.8615202140805436], [1.3444401146815352e-08, -0.9842788528226992, -0.1766214236201685]], "fy": 484.8485107421875, "fx": 484.8485107421875}]